-1 9 10 18 4 8 15 19 14 17 5 16 2 7 12 3 6 13 0 11 
1 -1 10 18 4 8 15 19 14 17 5 16 2 7 12 3 6 13 0 11 
1 9 -1 18 4 8 15 19 14 17 5 16 2 7 12 3 6 13 0 11 
1 9 10 -1 4 8 15 19 14 17 5 16 2 7 12 3 6 13 0 11 
1 9 10 18 -1 8 15 19 14 17 5 16 2 7 12 3 6 13 0 11 
1 9 10 18 4 -1 15 19 14 17 5 16 2 7 12 3 6 13 0 11 
1 9 10 18 4 8 -1 19 14 17 5 16 2 7 12 3 6 13 0 11 
1 9 10 18 4 8 15 -1 14 17 5 16 2 7 12 3 6 13 0 11 
1 9 10 18 4 8 15 19 -1 17 5 16 2 7 12 3 6 13 0 11 
1 9 10 18 4 8 15 19 14 -1 5 16 2 7 12 3 6 13 0 11 
1 9 10 18 4 8 15 19 14 17 -1 16 2 7 12 3 6 13 0 11 
1 9 10 18 4 8 15 19 14 17 5 -1 2 7 12 3 6 13 0 11 
1 9 10 18 4 8 15 19 14 17 5 16 -1 7 12 3 6 13 0 11 
1 9 10 18 4 8 15 19 14 17 5 16 2 -1 12 3 6 13 0 11 
1 9 10 18 4 8 15 19 14 17 5 16 2 7 -1 3 6 13 0 11 
1 9 10 18 4 8 15 19 14 17 5 16 2 7 12 -1 6 13 0 11 
1 9 10 18 4 8 15 19 14 17 5 16 2 7 12 3 -1 13 0 11 
1 9 10 18 4 8 15 19 14 17 5 16 2 7 12 3 6 -1 0 11 
1 9 10 18 4 8 15 19 14 17 5 16 2 7 12 3 6 13 -1 11 
1 9 10 18 4 8 15 19 14 17 5 16 2 7 12 3 6 13 0 -1 
-1 9 10 18 4 8 15 11 14 17 5 16 2 7 12 3 6 13 0 19 
1 -1 10 18 4 8 15 11 14 17 5 16 2 7 12 3 6 13 0 19 
1 9 -1 18 4 8 15 11 14 17 5 16 2 7 12 3 6 13 0 19 
1 9 10 -1 4 8 15 11 14 17 5 16 2 7 12 3 6 13 0 19 
1 9 10 18 -1 8 15 11 14 17 5 16 2 7 12 3 6 13 0 19 
1 9 10 18 4 -1 15 11 14 17 5 16 2 7 12 3 6 13 0 19 
1 9 10 18 4 8 -1 11 14 17 5 16 2 7 12 3 6 13 0 19 
1 9 10 18 4 8 15 -1 14 17 5 16 2 7 12 3 6 13 0 19 
1 9 10 18 4 8 15 11 -1 17 5 16 2 7 12 3 6 13 0 19 
1 9 10 18 4 8 15 11 14 -1 5 16 2 7 12 3 6 13 0 19 
1 9 10 18 4 8 15 11 14 17 -1 16 2 7 12 3 6 13 0 19 
1 9 10 18 4 8 15 11 14 17 5 -1 2 7 12 3 6 13 0 19 
1 9 10 18 4 8 15 11 14 17 5 16 -1 7 12 3 6 13 0 19 
1 9 10 18 4 8 15 11 14 17 5 16 2 -1 12 3 6 13 0 19 
1 9 10 18 4 8 15 11 14 17 5 16 2 7 -1 3 6 13 0 19 
1 9 10 18 4 8 15 11 14 17 5 16 2 7 12 -1 6 13 0 19 
1 9 10 18 4 8 15 11 14 17 5 16 2 7 12 3 -1 13 0 19 
1 9 10 18 4 8 15 11 14 17 5 16 2 7 12 3 6 -1 0 19 
1 9 10 18 4 8 15 11 14 17 5 16 2 7 12 3 6 13 -1 19 
-1 9 10 0 4 8 15 11 14 17 5 16 2 7 12 3 6 13 18 19 
1 -1 10 0 4 8 15 11 14 17 5 16 2 7 12 3 6 13 18 19 
1 9 -1 0 4 8 15 11 14 17 5 16 2 7 12 3 6 13 18 19 
1 9 10 -1 4 8 15 11 14 17 5 16 2 7 12 3 6 13 18 19 
1 9 10 0 -1 8 15 11 14 17 5 16 2 7 12 3 6 13 18 19 
1 9 10 0 4 -1 15 11 14 17 5 16 2 7 12 3 6 13 18 19 
1 9 10 0 4 8 -1 11 14 17 5 16 2 7 12 3 6 13 18 19 
1 9 10 0 4 8 15 -1 14 17 5 16 2 7 12 3 6 13 18 19 
1 9 10 0 4 8 15 11 -1 17 5 16 2 7 12 3 6 13 18 19 
1 9 10 0 4 8 15 11 14 -1 5 16 2 7 12 3 6 13 18 19 
1 9 10 0 4 8 15 11 14 17 -1 16 2 7 12 3 6 13 18 19 
1 9 10 0 4 8 15 11 14 17 5 -1 2 7 12 3 6 13 18 19 
1 9 10 0 4 8 15 11 14 17 5 16 -1 7 12 3 6 13 18 19 
1 9 10 0 4 8 15 11 14 17 5 16 2 -1 12 3 6 13 18 19 
1 9 10 0 4 8 15 11 14 17 5 16 2 7 -1 3 6 13 18 19 
1 9 10 0 4 8 15 11 14 17 5 16 2 7 12 -1 6 13 18 19 
1 9 10 0 4 8 15 11 14 17 5 16 2 7 12 3 -1 13 18 19 
1 9 10 0 4 8 15 11 14 17 5 16 2 7 12 3 6 -1 18 19 
-1 9 10 0 4 8 15 11 14 13 5 16 2 7 12 3 6 17 18 19 
1 -1 10 0 4 8 15 11 14 13 5 16 2 7 12 3 6 17 18 19 
1 9 -1 0 4 8 15 11 14 13 5 16 2 7 12 3 6 17 18 19 
1 9 10 -1 4 8 15 11 14 13 5 16 2 7 12 3 6 17 18 19 
1 9 10 0 -1 8 15 11 14 13 5 16 2 7 12 3 6 17 18 19 
1 9 10 0 4 -1 15 11 14 13 5 16 2 7 12 3 6 17 18 19 
1 9 10 0 4 8 -1 11 14 13 5 16 2 7 12 3 6 17 18 19 
1 9 10 0 4 8 15 -1 14 13 5 16 2 7 12 3 6 17 18 19 
1 9 10 0 4 8 15 11 -1 13 5 16 2 7 12 3 6 17 18 19 
1 9 10 0 4 8 15 11 14 -1 5 16 2 7 12 3 6 17 18 19 
1 9 10 0 4 8 15 11 14 13 -1 16 2 7 12 3 6 17 18 19 
1 9 10 0 4 8 15 11 14 13 5 -1 2 7 12 3 6 17 18 19 
1 9 10 0 4 8 15 11 14 13 5 16 -1 7 12 3 6 17 18 19 
1 9 10 0 4 8 15 11 14 13 5 16 2 -1 12 3 6 17 18 19 
1 9 10 0 4 8 15 11 14 13 5 16 2 7 -1 3 6 17 18 19 
1 9 10 0 4 8 15 11 14 13 5 16 2 7 12 -1 6 17 18 19 
1 9 10 0 4 8 15 11 14 13 5 16 2 7 12 3 -1 17 18 19 
-1 9 10 0 4 8 15 11 14 13 5 6 2 7 12 3 16 17 18 19 
1 -1 10 0 4 8 15 11 14 13 5 6 2 7 12 3 16 17 18 19 
1 9 -1 0 4 8 15 11 14 13 5 6 2 7 12 3 16 17 18 19 
1 9 10 -1 4 8 15 11 14 13 5 6 2 7 12 3 16 17 18 19 
1 9 10 0 -1 8 15 11 14 13 5 6 2 7 12 3 16 17 18 19 
1 9 10 0 4 -1 15 11 14 13 5 6 2 7 12 3 16 17 18 19 
1 9 10 0 4 8 -1 11 14 13 5 6 2 7 12 3 16 17 18 19 
1 9 10 0 4 8 15 -1 14 13 5 6 2 7 12 3 16 17 18 19 
1 9 10 0 4 8 15 11 -1 13 5 6 2 7 12 3 16 17 18 19 
1 9 10 0 4 8 15 11 14 -1 5 6 2 7 12 3 16 17 18 19 
1 9 10 0 4 8 15 11 14 13 -1 6 2 7 12 3 16 17 18 19 
1 9 10 0 4 8 15 11 14 13 5 -1 2 7 12 3 16 17 18 19 
1 9 10 0 4 8 15 11 14 13 5 6 -1 7 12 3 16 17 18 19 
1 9 10 0 4 8 15 11 14 13 5 6 2 -1 12 3 16 17 18 19 
1 9 10 0 4 8 15 11 14 13 5 6 2 7 -1 3 16 17 18 19 
1 9 10 0 4 8 15 11 14 13 5 6 2 7 12 -1 16 17 18 19 
-1 9 10 0 4 8 3 11 14 13 5 6 2 7 12 15 16 17 18 19 
1 -1 10 0 4 8 3 11 14 13 5 6 2 7 12 15 16 17 18 19 
1 9 -1 0 4 8 3 11 14 13 5 6 2 7 12 15 16 17 18 19 
1 9 10 -1 4 8 3 11 14 13 5 6 2 7 12 15 16 17 18 19 
1 9 10 0 -1 8 3 11 14 13 5 6 2 7 12 15 16 17 18 19 
1 9 10 0 4 -1 3 11 14 13 5 6 2 7 12 15 16 17 18 19 
1 9 10 0 4 8 -1 11 14 13 5 6 2 7 12 15 16 17 18 19 
1 9 10 0 4 8 3 -1 14 13 5 6 2 7 12 15 16 17 18 19 
1 9 10 0 4 8 3 11 -1 13 5 6 2 7 12 15 16 17 18 19 
1 9 10 0 4 8 3 11 14 -1 5 6 2 7 12 15 16 17 18 19 
1 9 10 0 4 8 3 11 14 13 -1 6 2 7 12 15 16 17 18 19 
1 9 10 0 4 8 3 11 14 13 5 -1 2 7 12 15 16 17 18 19 
1 9 10 0 4 8 3 11 14 13 5 6 -1 7 12 15 16 17 18 19 
1 9 10 0 4 8 3 11 14 13 5 6 2 -1 12 15 16 17 18 19 
1 9 10 0 4 8 3 11 14 13 5 6 2 7 -1 15 16 17 18 19 
-1 9 10 0 4 8 3 11 12 13 5 6 2 7 14 15 16 17 18 19 
1 -1 10 0 4 8 3 11 12 13 5 6 2 7 14 15 16 17 18 19 
1 9 -1 0 4 8 3 11 12 13 5 6 2 7 14 15 16 17 18 19 
1 9 10 -1 4 8 3 11 12 13 5 6 2 7 14 15 16 17 18 19 
1 9 10 0 -1 8 3 11 12 13 5 6 2 7 14 15 16 17 18 19 
1 9 10 0 4 -1 3 11 12 13 5 6 2 7 14 15 16 17 18 19 
1 9 10 0 4 8 -1 11 12 13 5 6 2 7 14 15 16 17 18 19 
1 9 10 0 4 8 3 -1 12 13 5 6 2 7 14 15 16 17 18 19 
1 9 10 0 4 8 3 11 -1 13 5 6 2 7 14 15 16 17 18 19 
1 9 10 0 4 8 3 11 12 -1 5 6 2 7 14 15 16 17 18 19 
1 9 10 0 4 8 3 11 12 13 -1 6 2 7 14 15 16 17 18 19 
1 9 10 0 4 8 3 11 12 13 5 -1 2 7 14 15 16 17 18 19 
1 9 10 0 4 8 3 11 12 13 5 6 -1 7 14 15 16 17 18 19 
1 9 10 0 4 8 3 11 12 13 5 6 2 -1 14 15 16 17 18 19 
-1 9 10 0 4 8 3 11 12 7 5 6 2 13 14 15 16 17 18 19 
1 -1 10 0 4 8 3 11 12 7 5 6 2 13 14 15 16 17 18 19 
1 9 -1 0 4 8 3 11 12 7 5 6 2 13 14 15 16 17 18 19 
1 9 10 -1 4 8 3 11 12 7 5 6 2 13 14 15 16 17 18 19 
1 9 10 0 -1 8 3 11 12 7 5 6 2 13 14 15 16 17 18 19 
1 9 10 0 4 -1 3 11 12 7 5 6 2 13 14 15 16 17 18 19 
1 9 10 0 4 8 -1 11 12 7 5 6 2 13 14 15 16 17 18 19 
1 9 10 0 4 8 3 -1 12 7 5 6 2 13 14 15 16 17 18 19 
1 9 10 0 4 8 3 11 -1 7 5 6 2 13 14 15 16 17 18 19 
1 9 10 0 4 8 3 11 12 -1 5 6 2 13 14 15 16 17 18 19 
1 9 10 0 4 8 3 11 12 7 -1 6 2 13 14 15 16 17 18 19 
1 9 10 0 4 8 3 11 12 7 5 -1 2 13 14 15 16 17 18 19 
1 9 10 0 4 8 3 11 12 7 5 6 -1 13 14 15 16 17 18 19 
-1 9 10 0 4 8 3 11 2 7 5 6 12 13 14 15 16 17 18 19 
1 -1 10 0 4 8 3 11 2 7 5 6 12 13 14 15 16 17 18 19 
1 9 -1 0 4 8 3 11 2 7 5 6 12 13 14 15 16 17 18 19 
1 9 10 -1 4 8 3 11 2 7 5 6 12 13 14 15 16 17 18 19 
1 9 10 0 -1 8 3 11 2 7 5 6 12 13 14 15 16 17 18 19 
1 9 10 0 4 -1 3 11 2 7 5 6 12 13 14 15 16 17 18 19 
1 9 10 0 4 8 -1 11 2 7 5 6 12 13 14 15 16 17 18 19 
1 9 10 0 4 8 3 -1 2 7 5 6 12 13 14 15 16 17 18 19 
1 9 10 0 4 8 3 11 -1 7 5 6 12 13 14 15 16 17 18 19 
1 9 10 0 4 8 3 11 2 -1 5 6 12 13 14 15 16 17 18 19 
1 9 10 0 4 8 3 11 2 7 -1 6 12 13 14 15 16 17 18 19 
1 9 10 0 4 8 3 11 2 7 5 -1 12 13 14 15 16 17 18 19 
-1 9 10 0 4 8 3 6 2 7 5 11 12 13 14 15 16 17 18 19 
1 -1 10 0 4 8 3 6 2 7 5 11 12 13 14 15 16 17 18 19 
1 9 -1 0 4 8 3 6 2 7 5 11 12 13 14 15 16 17 18 19 
1 9 10 -1 4 8 3 6 2 7 5 11 12 13 14 15 16 17 18 19 
1 9 10 0 -1 8 3 6 2 7 5 11 12 13 14 15 16 17 18 19 
1 9 10 0 4 -1 3 6 2 7 5 11 12 13 14 15 16 17 18 19 
1 9 10 0 4 8 -1 6 2 7 5 11 12 13 14 15 16 17 18 19 
1 9 10 0 4 8 3 -1 2 7 5 11 12 13 14 15 16 17 18 19 
1 9 10 0 4 8 3 6 -1 7 5 11 12 13 14 15 16 17 18 19 
1 9 10 0 4 8 3 6 2 -1 5 11 12 13 14 15 16 17 18 19 
1 9 10 0 4 8 3 6 2 7 -1 11 12 13 14 15 16 17 18 19 
-1 9 5 0 4 8 3 6 2 7 10 11 12 13 14 15 16 17 18 19 
1 -1 5 0 4 8 3 6 2 7 10 11 12 13 14 15 16 17 18 19 
1 9 -1 0 4 8 3 6 2 7 10 11 12 13 14 15 16 17 18 19 
1 9 5 -1 4 8 3 6 2 7 10 11 12 13 14 15 16 17 18 19 
1 9 5 0 -1 8 3 6 2 7 10 11 12 13 14 15 16 17 18 19 
1 9 5 0 4 -1 3 6 2 7 10 11 12 13 14 15 16 17 18 19 
1 9 5 0 4 8 -1 6 2 7 10 11 12 13 14 15 16 17 18 19 
1 9 5 0 4 8 3 -1 2 7 10 11 12 13 14 15 16 17 18 19 
1 9 5 0 4 8 3 6 -1 7 10 11 12 13 14 15 16 17 18 19 
1 9 5 0 4 8 3 6 2 -1 10 11 12 13 14 15 16 17 18 19 
-1 7 5 0 4 8 3 6 2 9 10 11 12 13 14 15 16 17 18 19 
1 -1 5 0 4 8 3 6 2 9 10 11 12 13 14 15 16 17 18 19 
1 7 -1 0 4 8 3 6 2 9 10 11 12 13 14 15 16 17 18 19 
1 7 5 -1 4 8 3 6 2 9 10 11 12 13 14 15 16 17 18 19 
1 7 5 0 -1 8 3 6 2 9 10 11 12 13 14 15 16 17 18 19 
1 7 5 0 4 -1 3 6 2 9 10 11 12 13 14 15 16 17 18 19 
1 7 5 0 4 8 -1 6 2 9 10 11 12 13 14 15 16 17 18 19 
1 7 5 0 4 8 3 -1 2 9 10 11 12 13 14 15 16 17 18 19 
1 7 5 0 4 8 3 6 -1 9 10 11 12 13 14 15 16 17 18 19 
-1 7 5 0 4 2 3 6 8 9 10 11 12 13 14 15 16 17 18 19 
1 -1 5 0 4 2 3 6 8 9 10 11 12 13 14 15 16 17 18 19 
1 7 -1 0 4 2 3 6 8 9 10 11 12 13 14 15 16 17 18 19 
1 7 5 -1 4 2 3 6 8 9 10 11 12 13 14 15 16 17 18 19 
1 7 5 0 -1 2 3 6 8 9 10 11 12 13 14 15 16 17 18 19 
1 7 5 0 4 -1 3 6 8 9 10 11 12 13 14 15 16 17 18 19 
1 7 5 0 4 2 -1 6 8 9 10 11 12 13 14 15 16 17 18 19 
1 7 5 0 4 2 3 -1 8 9 10 11 12 13 14 15 16 17 18 19 
-1 6 5 0 4 2 3 7 8 9 10 11 12 13 14 15 16 17 18 19 
1 -1 5 0 4 2 3 7 8 9 10 11 12 13 14 15 16 17 18 19 
1 6 -1 0 4 2 3 7 8 9 10 11 12 13 14 15 16 17 18 19 
1 6 5 -1 4 2 3 7 8 9 10 11 12 13 14 15 16 17 18 19 
1 6 5 0 -1 2 3 7 8 9 10 11 12 13 14 15 16 17 18 19 
1 6 5 0 4 -1 3 7 8 9 10 11 12 13 14 15 16 17 18 19 
1 6 5 0 4 2 -1 7 8 9 10 11 12 13 14 15 16 17 18 19 
-1 3 5 0 4 2 6 7 8 9 10 11 12 13 14 15 16 17 18 19 
1 -1 5 0 4 2 6 7 8 9 10 11 12 13 14 15 16 17 18 19 
1 3 -1 0 4 2 6 7 8 9 10 11 12 13 14 15 16 17 18 19 
1 3 5 -1 4 2 6 7 8 9 10 11 12 13 14 15 16 17 18 19 
1 3 5 0 -1 2 6 7 8 9 10 11 12 13 14 15 16 17 18 19 
1 3 5 0 4 -1 6 7 8 9 10 11 12 13 14 15 16 17 18 19 
-1 3 2 0 4 5 6 7 8 9 10 11 12 13 14 15 16 17 18 19 
1 -1 2 0 4 5 6 7 8 9 10 11 12 13 14 15 16 17 18 19 
1 3 -1 0 4 5 6 7 8 9 10 11 12 13 14 15 16 17 18 19 
1 3 2 -1 4 5 6 7 8 9 10 11 12 13 14 15 16 17 18 19 
1 3 2 0 -1 5 6 7 8 9 10 11 12 13 14 15 16 17 18 19 
-1 3 2 0 4 5 6 7 8 9 10 11 12 13 14 15 16 17 18 19 
1 -1 2 0 4 5 6 7 8 9 10 11 12 13 14 15 16 17 18 19 
1 3 -1 0 4 5 6 7 8 9 10 11 12 13 14 15 16 17 18 19 
1 3 2 -1 4 5 6 7 8 9 10 11 12 13 14 15 16 17 18 19 
-1 0 2 3 4 5 6 7 8 9 10 11 12 13 14 15 16 17 18 19 
1 -1 2 3 4 5 6 7 8 9 10 11 12 13 14 15 16 17 18 19 
1 0 -1 3 4 5 6 7 8 9 10 11 12 13 14 15 16 17 18 19 
-1 0 2 3 4 5 6 7 8 9 10 11 12 13 14 15 16 17 18 19 
1 -1 2 3 4 5 6 7 8 9 10 11 12 13 14 15 16 17 18 19 
-1 1 2 3 4 5 6 7 8 9 10 11 12 13 14 15 16 17 18 19 
0 1 2 3 4 5 6 7 8 9 10 11 12 13 14 15 16 17 18 19 
