36 1 8 9 13 21 26 34 3 11 15 16 19 22 24 30 33 0 2 4 25 31 39 7 14 23 27 37 6 12 20 5 10 17 29 18 38 32 28 35 
1 36 8 9 13 21 26 34 3 11 15 16 19 22 24 30 33 0 2 4 25 31 39 7 14 23 27 37 6 12 20 5 10 17 29 18 38 32 28 35 
1 8 36 9 13 21 26 34 3 11 15 16 19 22 24 30 33 0 2 4 25 31 39 7 14 23 27 37 6 12 20 5 10 17 29 18 38 32 28 35 
1 8 9 36 13 21 26 34 3 11 15 16 19 22 24 30 33 0 2 4 25 31 39 7 14 23 27 37 6 12 20 5 10 17 29 18 38 32 28 35 
1 8 9 13 36 21 26 34 3 11 15 16 19 22 24 30 33 0 2 4 25 31 39 7 14 23 27 37 6 12 20 5 10 17 29 18 38 32 28 35 
1 8 9 13 21 36 26 34 3 11 15 16 19 22 24 30 33 0 2 4 25 31 39 7 14 23 27 37 6 12 20 5 10 17 29 18 38 32 28 35 
1 8 9 13 21 26 36 34 3 11 15 16 19 22 24 30 33 0 2 4 25 31 39 7 14 23 27 37 6 12 20 5 10 17 29 18 38 32 28 35 
1 8 9 13 21 26 34 36 3 11 15 16 19 22 24 30 33 0 2 4 25 31 39 7 14 23 27 37 6 12 20 5 10 17 29 18 38 32 28 35 
1 8 9 13 21 26 34 3 36 11 15 16 19 22 24 30 33 0 2 4 25 31 39 7 14 23 27 37 6 12 20 5 10 17 29 18 38 32 28 35 
1 8 9 13 21 26 3 34 36 11 15 16 19 22 24 30 33 0 2 4 25 31 39 7 14 23 27 37 6 12 20 5 10 17 29 18 38 32 28 35 
1 8 9 13 21 3 26 34 36 11 15 16 19 22 24 30 33 0 2 4 25 31 39 7 14 23 27 37 6 12 20 5 10 17 29 18 38 32 28 35 
1 8 9 13 3 21 26 34 36 11 15 16 19 22 24 30 33 0 2 4 25 31 39 7 14 23 27 37 6 12 20 5 10 17 29 18 38 32 28 35 
1 8 9 3 13 21 26 34 36 11 15 16 19 22 24 30 33 0 2 4 25 31 39 7 14 23 27 37 6 12 20 5 10 17 29 18 38 32 28 35 
1 8 3 9 13 21 26 34 36 11 15 16 19 22 24 30 33 0 2 4 25 31 39 7 14 23 27 37 6 12 20 5 10 17 29 18 38 32 28 35 
1 3 8 9 13 21 26 34 36 11 15 16 19 22 24 30 33 0 2 4 25 31 39 7 14 23 27 37 6 12 20 5 10 17 29 18 38 32 28 35 
1 3 8 9 13 21 26 34 11 36 15 16 19 22 24 30 33 0 2 4 25 31 39 7 14 23 27 37 6 12 20 5 10 17 29 18 38 32 28 35 
1 3 8 9 13 21 26 11 34 36 15 16 19 22 24 30 33 0 2 4 25 31 39 7 14 23 27 37 6 12 20 5 10 17 29 18 38 32 28 35 
1 3 8 9 13 21 11 26 34 36 15 16 19 22 24 30 33 0 2 4 25 31 39 7 14 23 27 37 6 12 20 5 10 17 29 18 38 32 28 35 
1 3 8 9 13 11 21 26 34 36 15 16 19 22 24 30 33 0 2 4 25 31 39 7 14 23 27 37 6 12 20 5 10 17 29 18 38 32 28 35 
1 3 8 9 11 13 21 26 34 36 15 16 19 22 24 30 33 0 2 4 25 31 39 7 14 23 27 37 6 12 20 5 10 17 29 18 38 32 28 35 
1 3 8 9 11 13 21 26 34 15 36 16 19 22 24 30 33 0 2 4 25 31 39 7 14 23 27 37 6 12 20 5 10 17 29 18 38 32 28 35 
1 3 8 9 11 13 21 26 15 34 36 16 19 22 24 30 33 0 2 4 25 31 39 7 14 23 27 37 6 12 20 5 10 17 29 18 38 32 28 35 
1 3 8 9 11 13 21 15 26 34 36 16 19 22 24 30 33 0 2 4 25 31 39 7 14 23 27 37 6 12 20 5 10 17 29 18 38 32 28 35 
1 3 8 9 11 13 15 21 26 34 36 16 19 22 24 30 33 0 2 4 25 31 39 7 14 23 27 37 6 12 20 5 10 17 29 18 38 32 28 35 
1 3 8 9 11 13 15 21 26 34 16 36 19 22 24 30 33 0 2 4 25 31 39 7 14 23 27 37 6 12 20 5 10 17 29 18 38 32 28 35 
1 3 8 9 11 13 15 21 26 16 34 36 19 22 24 30 33 0 2 4 25 31 39 7 14 23 27 37 6 12 20 5 10 17 29 18 38 32 28 35 
1 3 8 9 11 13 15 21 16 26 34 36 19 22 24 30 33 0 2 4 25 31 39 7 14 23 27 37 6 12 20 5 10 17 29 18 38 32 28 35 
1 3 8 9 11 13 15 16 21 26 34 36 19 22 24 30 33 0 2 4 25 31 39 7 14 23 27 37 6 12 20 5 10 17 29 18 38 32 28 35 
1 3 8 9 11 13 15 16 21 26 34 19 36 22 24 30 33 0 2 4 25 31 39 7 14 23 27 37 6 12 20 5 10 17 29 18 38 32 28 35 
1 3 8 9 11 13 15 16 21 26 19 34 36 22 24 30 33 0 2 4 25 31 39 7 14 23 27 37 6 12 20 5 10 17 29 18 38 32 28 35 
1 3 8 9 11 13 15 16 21 19 26 34 36 22 24 30 33 0 2 4 25 31 39 7 14 23 27 37 6 12 20 5 10 17 29 18 38 32 28 35 
1 3 8 9 11 13 15 16 19 21 26 34 36 22 24 30 33 0 2 4 25 31 39 7 14 23 27 37 6 12 20 5 10 17 29 18 38 32 28 35 
1 3 8 9 11 13 15 16 19 21 26 34 22 36 24 30 33 0 2 4 25 31 39 7 14 23 27 37 6 12 20 5 10 17 29 18 38 32 28 35 
1 3 8 9 11 13 15 16 19 21 26 22 34 36 24 30 33 0 2 4 25 31 39 7 14 23 27 37 6 12 20 5 10 17 29 18 38 32 28 35 
1 3 8 9 11 13 15 16 19 21 22 26 34 36 24 30 33 0 2 4 25 31 39 7 14 23 27 37 6 12 20 5 10 17 29 18 38 32 28 35 
1 3 8 9 11 13 15 16 19 21 22 26 34 24 36 30 33 0 2 4 25 31 39 7 14 23 27 37 6 12 20 5 10 17 29 18 38 32 28 35 
1 3 8 9 11 13 15 16 19 21 22 26 24 34 36 30 33 0 2 4 25 31 39 7 14 23 27 37 6 12 20 5 10 17 29 18 38 32 28 35 
1 3 8 9 11 13 15 16 19 21 22 24 26 34 36 30 33 0 2 4 25 31 39 7 14 23 27 37 6 12 20 5 10 17 29 18 38 32 28 35 
1 3 8 9 11 13 15 16 19 21 22 24 26 34 30 36 33 0 2 4 25 31 39 7 14 23 27 37 6 12 20 5 10 17 29 18 38 32 28 35 
1 3 8 9 11 13 15 16 19 21 22 24 26 30 34 36 33 0 2 4 25 31 39 7 14 23 27 37 6 12 20 5 10 17 29 18 38 32 28 35 
1 3 8 9 11 13 15 16 19 21 22 24 26 30 34 33 36 0 2 4 25 31 39 7 14 23 27 37 6 12 20 5 10 17 29 18 38 32 28 35 
1 3 8 9 11 13 15 16 19 21 22 24 26 30 33 34 36 0 2 4 25 31 39 7 14 23 27 37 6 12 20 5 10 17 29 18 38 32 28 35 
1 3 8 9 11 13 15 16 19 21 22 24 26 30 33 34 0 36 2 4 25 31 39 7 14 23 27 37 6 12 20 5 10 17 29 18 38 32 28 35 
1 3 8 9 11 13 15 16 19 21 22 24 26 30 33 0 34 36 2 4 25 31 39 7 14 23 27 37 6 12 20 5 10 17 29 18 38 32 28 35 
1 3 8 9 11 13 15 16 19 21 22 24 26 30 0 33 34 36 2 4 25 31 39 7 14 23 27 37 6 12 20 5 10 17 29 18 38 32 28 35 
1 3 8 9 11 13 15 16 19 21 22 24 26 0 30 33 34 36 2 4 25 31 39 7 14 23 27 37 6 12 20 5 10 17 29 18 38 32 28 35 
1 3 8 9 11 13 15 16 19 21 22 24 0 26 30 33 34 36 2 4 25 31 39 7 14 23 27 37 6 12 20 5 10 17 29 18 38 32 28 35 
1 3 8 9 11 13 15 16 19 21 22 0 24 26 30 33 34 36 2 4 25 31 39 7 14 23 27 37 6 12 20 5 10 17 29 18 38 32 28 35 
1 3 8 9 11 13 15 16 19 21 0 22 24 26 30 33 34 36 2 4 25 31 39 7 14 23 27 37 6 12 20 5 10 17 29 18 38 32 28 35 
1 3 8 9 11 13 15 16 19 0 21 22 24 26 30 33 34 36 2 4 25 31 39 7 14 23 27 37 6 12 20 5 10 17 29 18 38 32 28 35 
1 3 8 9 11 13 15 16 0 19 21 22 24 26 30 33 34 36 2 4 25 31 39 7 14 23 27 37 6 12 20 5 10 17 29 18 38 32 28 35 
1 3 8 9 11 13 15 0 16 19 21 22 24 26 30 33 34 36 2 4 25 31 39 7 14 23 27 37 6 12 20 5 10 17 29 18 38 32 28 35 
1 3 8 9 11 13 0 15 16 19 21 22 24 26 30 33 34 36 2 4 25 31 39 7 14 23 27 37 6 12 20 5 10 17 29 18 38 32 28 35 
1 3 8 9 11 0 13 15 16 19 21 22 24 26 30 33 34 36 2 4 25 31 39 7 14 23 27 37 6 12 20 5 10 17 29 18 38 32 28 35 
1 3 8 9 0 11 13 15 16 19 21 22 24 26 30 33 34 36 2 4 25 31 39 7 14 23 27 37 6 12 20 5 10 17 29 18 38 32 28 35 
1 3 8 0 9 11 13 15 16 19 21 22 24 26 30 33 34 36 2 4 25 31 39 7 14 23 27 37 6 12 20 5 10 17 29 18 38 32 28 35 
1 3 0 8 9 11 13 15 16 19 21 22 24 26 30 33 34 36 2 4 25 31 39 7 14 23 27 37 6 12 20 5 10 17 29 18 38 32 28 35 
1 0 3 8 9 11 13 15 16 19 21 22 24 26 30 33 34 36 2 4 25 31 39 7 14 23 27 37 6 12 20 5 10 17 29 18 38 32 28 35 
0 1 3 8 9 11 13 15 16 19 21 22 24 26 30 33 34 36 2 4 25 31 39 7 14 23 27 37 6 12 20 5 10 17 29 18 38 32 28 35 
0 1 3 8 9 11 13 15 16 19 21 22 24 26 30 33 34 2 36 4 25 31 39 7 14 23 27 37 6 12 20 5 10 17 29 18 38 32 28 35 
0 1 3 8 9 11 13 15 16 19 21 22 24 26 30 33 2 34 36 4 25 31 39 7 14 23 27 37 6 12 20 5 10 17 29 18 38 32 28 35 
0 1 3 8 9 11 13 15 16 19 21 22 24 26 30 2 33 34 36 4 25 31 39 7 14 23 27 37 6 12 20 5 10 17 29 18 38 32 28 35 
0 1 3 8 9 11 13 15 16 19 21 22 24 26 2 30 33 34 36 4 25 31 39 7 14 23 27 37 6 12 20 5 10 17 29 18 38 32 28 35 
0 1 3 8 9 11 13 15 16 19 21 22 24 2 26 30 33 34 36 4 25 31 39 7 14 23 27 37 6 12 20 5 10 17 29 18 38 32 28 35 
0 1 3 8 9 11 13 15 16 19 21 22 2 24 26 30 33 34 36 4 25 31 39 7 14 23 27 37 6 12 20 5 10 17 29 18 38 32 28 35 
0 1 3 8 9 11 13 15 16 19 21 2 22 24 26 30 33 34 36 4 25 31 39 7 14 23 27 37 6 12 20 5 10 17 29 18 38 32 28 35 
0 1 3 8 9 11 13 15 16 19 2 21 22 24 26 30 33 34 36 4 25 31 39 7 14 23 27 37 6 12 20 5 10 17 29 18 38 32 28 35 
0 1 3 8 9 11 13 15 16 2 19 21 22 24 26 30 33 34 36 4 25 31 39 7 14 23 27 37 6 12 20 5 10 17 29 18 38 32 28 35 
0 1 3 8 9 11 13 15 2 16 19 21 22 24 26 30 33 34 36 4 25 31 39 7 14 23 27 37 6 12 20 5 10 17 29 18 38 32 28 35 
0 1 3 8 9 11 13 2 15 16 19 21 22 24 26 30 33 34 36 4 25 31 39 7 14 23 27 37 6 12 20 5 10 17 29 18 38 32 28 35 
0 1 3 8 9 11 2 13 15 16 19 21 22 24 26 30 33 34 36 4 25 31 39 7 14 23 27 37 6 12 20 5 10 17 29 18 38 32 28 35 
0 1 3 8 9 2 11 13 15 16 19 21 22 24 26 30 33 34 36 4 25 31 39 7 14 23 27 37 6 12 20 5 10 17 29 18 38 32 28 35 
0 1 3 8 2 9 11 13 15 16 19 21 22 24 26 30 33 34 36 4 25 31 39 7 14 23 27 37 6 12 20 5 10 17 29 18 38 32 28 35 
0 1 3 2 8 9 11 13 15 16 19 21 22 24 26 30 33 34 36 4 25 31 39 7 14 23 27 37 6 12 20 5 10 17 29 18 38 32 28 35 
0 1 2 3 8 9 11 13 15 16 19 21 22 24 26 30 33 34 36 4 25 31 39 7 14 23 27 37 6 12 20 5 10 17 29 18 38 32 28 35 
0 1 2 3 8 9 11 13 15 16 19 21 22 24 26 30 33 34 4 36 25 31 39 7 14 23 27 37 6 12 20 5 10 17 29 18 38 32 28 35 
0 1 2 3 8 9 11 13 15 16 19 21 22 24 26 30 33 4 34 36 25 31 39 7 14 23 27 37 6 12 20 5 10 17 29 18 38 32 28 35 
0 1 2 3 8 9 11 13 15 16 19 21 22 24 26 30 4 33 34 36 25 31 39 7 14 23 27 37 6 12 20 5 10 17 29 18 38 32 28 35 
0 1 2 3 8 9 11 13 15 16 19 21 22 24 26 4 30 33 34 36 25 31 39 7 14 23 27 37 6 12 20 5 10 17 29 18 38 32 28 35 
0 1 2 3 8 9 11 13 15 16 19 21 22 24 4 26 30 33 34 36 25 31 39 7 14 23 27 37 6 12 20 5 10 17 29 18 38 32 28 35 
0 1 2 3 8 9 11 13 15 16 19 21 22 4 24 26 30 33 34 36 25 31 39 7 14 23 27 37 6 12 20 5 10 17 29 18 38 32 28 35 
0 1 2 3 8 9 11 13 15 16 19 21 4 22 24 26 30 33 34 36 25 31 39 7 14 23 27 37 6 12 20 5 10 17 29 18 38 32 28 35 
0 1 2 3 8 9 11 13 15 16 19 4 21 22 24 26 30 33 34 36 25 31 39 7 14 23 27 37 6 12 20 5 10 17 29 18 38 32 28 35 
0 1 2 3 8 9 11 13 15 16 4 19 21 22 24 26 30 33 34 36 25 31 39 7 14 23 27 37 6 12 20 5 10 17 29 18 38 32 28 35 
0 1 2 3 8 9 11 13 15 4 16 19 21 22 24 26 30 33 34 36 25 31 39 7 14 23 27 37 6 12 20 5 10 17 29 18 38 32 28 35 
0 1 2 3 8 9 11 13 4 15 16 19 21 22 24 26 30 33 34 36 25 31 39 7 14 23 27 37 6 12 20 5 10 17 29 18 38 32 28 35 
0 1 2 3 8 9 11 4 13 15 16 19 21 22 24 26 30 33 34 36 25 31 39 7 14 23 27 37 6 12 20 5 10 17 29 18 38 32 28 35 
0 1 2 3 8 9 4 11 13 15 16 19 21 22 24 26 30 33 34 36 25 31 39 7 14 23 27 37 6 12 20 5 10 17 29 18 38 32 28 35 
0 1 2 3 8 4 9 11 13 15 16 19 21 22 24 26 30 33 34 36 25 31 39 7 14 23 27 37 6 12 20 5 10 17 29 18 38 32 28 35 
0 1 2 3 4 8 9 11 13 15 16 19 21 22 24 26 30 33 34 36 25 31 39 7 14 23 27 37 6 12 20 5 10 17 29 18 38 32 28 35 
0 1 2 3 4 8 9 11 13 15 16 19 21 22 24 26 30 33 34 25 36 31 39 7 14 23 27 37 6 12 20 5 10 17 29 18 38 32 28 35 
0 1 2 3 4 8 9 11 13 15 16 19 21 22 24 26 30 33 25 34 36 31 39 7 14 23 27 37 6 12 20 5 10 17 29 18 38 32 28 35 
0 1 2 3 4 8 9 11 13 15 16 19 21 22 24 26 30 25 33 34 36 31 39 7 14 23 27 37 6 12 20 5 10 17 29 18 38 32 28 35 
0 1 2 3 4 8 9 11 13 15 16 19 21 22 24 26 25 30 33 34 36 31 39 7 14 23 27 37 6 12 20 5 10 17 29 18 38 32 28 35 
0 1 2 3 4 8 9 11 13 15 16 19 21 22 24 25 26 30 33 34 36 31 39 7 14 23 27 37 6 12 20 5 10 17 29 18 38 32 28 35 
0 1 2 3 4 8 9 11 13 15 16 19 21 22 24 25 26 30 33 34 31 36 39 7 14 23 27 37 6 12 20 5 10 17 29 18 38 32 28 35 
0 1 2 3 4 8 9 11 13 15 16 19 21 22 24 25 26 30 33 31 34 36 39 7 14 23 27 37 6 12 20 5 10 17 29 18 38 32 28 35 
0 1 2 3 4 8 9 11 13 15 16 19 21 22 24 25 26 30 31 33 34 36 39 7 14 23 27 37 6 12 20 5 10 17 29 18 38 32 28 35 
0 1 2 3 4 8 9 11 13 15 16 19 21 22 24 25 26 30 31 33 34 36 7 39 14 23 27 37 6 12 20 5 10 17 29 18 38 32 28 35 
0 1 2 3 4 8 9 11 13 15 16 19 21 22 24 25 26 30 31 33 34 7 36 39 14 23 27 37 6 12 20 5 10 17 29 18 38 32 28 35 
0 1 2 3 4 8 9 11 13 15 16 19 21 22 24 25 26 30 31 33 7 34 36 39 14 23 27 37 6 12 20 5 10 17 29 18 38 32 28 35 
0 1 2 3 4 8 9 11 13 15 16 19 21 22 24 25 26 30 31 7 33 34 36 39 14 23 27 37 6 12 20 5 10 17 29 18 38 32 28 35 
0 1 2 3 4 8 9 11 13 15 16 19 21 22 24 25 26 30 7 31 33 34 36 39 14 23 27 37 6 12 20 5 10 17 29 18 38 32 28 35 
0 1 2 3 4 8 9 11 13 15 16 19 21 22 24 25 26 7 30 31 33 34 36 39 14 23 27 37 6 12 20 5 10 17 29 18 38 32 28 35 
0 1 2 3 4 8 9 11 13 15 16 19 21 22 24 25 7 26 30 31 33 34 36 39 14 23 27 37 6 12 20 5 10 17 29 18 38 32 28 35 
0 1 2 3 4 8 9 11 13 15 16 19 21 22 24 7 25 26 30 31 33 34 36 39 14 23 27 37 6 12 20 5 10 17 29 18 38 32 28 35 
0 1 2 3 4 8 9 11 13 15 16 19 21 22 7 24 25 26 30 31 33 34 36 39 14 23 27 37 6 12 20 5 10 17 29 18 38 32 28 35 
0 1 2 3 4 8 9 11 13 15 16 19 21 7 22 24 25 26 30 31 33 34 36 39 14 23 27 37 6 12 20 5 10 17 29 18 38 32 28 35 
0 1 2 3 4 8 9 11 13 15 16 19 7 21 22 24 25 26 30 31 33 34 36 39 14 23 27 37 6 12 20 5 10 17 29 18 38 32 28 35 
0 1 2 3 4 8 9 11 13 15 16 7 19 21 22 24 25 26 30 31 33 34 36 39 14 23 27 37 6 12 20 5 10 17 29 18 38 32 28 35 
0 1 2 3 4 8 9 11 13 15 7 16 19 21 22 24 25 26 30 31 33 34 36 39 14 23 27 37 6 12 20 5 10 17 29 18 38 32 28 35 
0 1 2 3 4 8 9 11 13 7 15 16 19 21 22 24 25 26 30 31 33 34 36 39 14 23 27 37 6 12 20 5 10 17 29 18 38 32 28 35 
0 1 2 3 4 8 9 11 7 13 15 16 19 21 22 24 25 26 30 31 33 34 36 39 14 23 27 37 6 12 20 5 10 17 29 18 38 32 28 35 
0 1 2 3 4 8 9 7 11 13 15 16 19 21 22 24 25 26 30 31 33 34 36 39 14 23 27 37 6 12 20 5 10 17 29 18 38 32 28 35 
0 1 2 3 4 8 7 9 11 13 15 16 19 21 22 24 25 26 30 31 33 34 36 39 14 23 27 37 6 12 20 5 10 17 29 18 38 32 28 35 
0 1 2 3 4 7 8 9 11 13 15 16 19 21 22 24 25 26 30 31 33 34 36 39 14 23 27 37 6 12 20 5 10 17 29 18 38 32 28 35 
0 1 2 3 4 7 8 9 11 13 15 16 19 21 22 24 25 26 30 31 33 34 36 14 39 23 27 37 6 12 20 5 10 17 29 18 38 32 28 35 
0 1 2 3 4 7 8 9 11 13 15 16 19 21 22 24 25 26 30 31 33 34 14 36 39 23 27 37 6 12 20 5 10 17 29 18 38 32 28 35 
0 1 2 3 4 7 8 9 11 13 15 16 19 21 22 24 25 26 30 31 33 14 34 36 39 23 27 37 6 12 20 5 10 17 29 18 38 32 28 35 
0 1 2 3 4 7 8 9 11 13 15 16 19 21 22 24 25 26 30 31 14 33 34 36 39 23 27 37 6 12 20 5 10 17 29 18 38 32 28 35 
0 1 2 3 4 7 8 9 11 13 15 16 19 21 22 24 25 26 30 14 31 33 34 36 39 23 27 37 6 12 20 5 10 17 29 18 38 32 28 35 
0 1 2 3 4 7 8 9 11 13 15 16 19 21 22 24 25 26 14 30 31 33 34 36 39 23 27 37 6 12 20 5 10 17 29 18 38 32 28 35 
0 1 2 3 4 7 8 9 11 13 15 16 19 21 22 24 25 14 26 30 31 33 34 36 39 23 27 37 6 12 20 5 10 17 29 18 38 32 28 35 
0 1 2 3 4 7 8 9 11 13 15 16 19 21 22 24 14 25 26 30 31 33 34 36 39 23 27 37 6 12 20 5 10 17 29 18 38 32 28 35 
0 1 2 3 4 7 8 9 11 13 15 16 19 21 22 14 24 25 26 30 31 33 34 36 39 23 27 37 6 12 20 5 10 17 29 18 38 32 28 35 
0 1 2 3 4 7 8 9 11 13 15 16 19 21 14 22 24 25 26 30 31 33 34 36 39 23 27 37 6 12 20 5 10 17 29 18 38 32 28 35 
0 1 2 3 4 7 8 9 11 13 15 16 19 14 21 22 24 25 26 30 31 33 34 36 39 23 27 37 6 12 20 5 10 17 29 18 38 32 28 35 
0 1 2 3 4 7 8 9 11 13 15 16 14 19 21 22 24 25 26 30 31 33 34 36 39 23 27 37 6 12 20 5 10 17 29 18 38 32 28 35 
0 1 2 3 4 7 8 9 11 13 15 14 16 19 21 22 24 25 26 30 31 33 34 36 39 23 27 37 6 12 20 5 10 17 29 18 38 32 28 35 
0 1 2 3 4 7 8 9 11 13 14 15 16 19 21 22 24 25 26 30 31 33 34 36 39 23 27 37 6 12 20 5 10 17 29 18 38 32 28 35 
0 1 2 3 4 7 8 9 11 13 14 15 16 19 21 22 24 25 26 30 31 33 34 36 23 39 27 37 6 12 20 5 10 17 29 18 38 32 28 35 
0 1 2 3 4 7 8 9 11 13 14 15 16 19 21 22 24 25 26 30 31 33 34 23 36 39 27 37 6 12 20 5 10 17 29 18 38 32 28 35 
0 1 2 3 4 7 8 9 11 13 14 15 16 19 21 22 24 25 26 30 31 33 23 34 36 39 27 37 6 12 20 5 10 17 29 18 38 32 28 35 
0 1 2 3 4 7 8 9 11 13 14 15 16 19 21 22 24 25 26 30 31 23 33 34 36 39 27 37 6 12 20 5 10 17 29 18 38 32 28 35 
0 1 2 3 4 7 8 9 11 13 14 15 16 19 21 22 24 25 26 30 23 31 33 34 36 39 27 37 6 12 20 5 10 17 29 18 38 32 28 35 
0 1 2 3 4 7 8 9 11 13 14 15 16 19 21 22 24 25 26 23 30 31 33 34 36 39 27 37 6 12 20 5 10 17 29 18 38 32 28 35 
0 1 2 3 4 7 8 9 11 13 14 15 16 19 21 22 24 25 23 26 30 31 33 34 36 39 27 37 6 12 20 5 10 17 29 18 38 32 28 35 
0 1 2 3 4 7 8 9 11 13 14 15 16 19 21 22 24 23 25 26 30 31 33 34 36 39 27 37 6 12 20 5 10 17 29 18 38 32 28 35 
0 1 2 3 4 7 8 9 11 13 14 15 16 19 21 22 23 24 25 26 30 31 33 34 36 39 27 37 6 12 20 5 10 17 29 18 38 32 28 35 
0 1 2 3 4 7 8 9 11 13 14 15 16 19 21 22 23 24 25 26 30 31 33 34 36 27 39 37 6 12 20 5 10 17 29 18 38 32 28 35 
0 1 2 3 4 7 8 9 11 13 14 15 16 19 21 22 23 24 25 26 30 31 33 34 27 36 39 37 6 12 20 5 10 17 29 18 38 32 28 35 
0 1 2 3 4 7 8 9 11 13 14 15 16 19 21 22 23 24 25 26 30 31 33 27 34 36 39 37 6 12 20 5 10 17 29 18 38 32 28 35 
0 1 2 3 4 7 8 9 11 13 14 15 16 19 21 22 23 24 25 26 30 31 27 33 34 36 39 37 6 12 20 5 10 17 29 18 38 32 28 35 
0 1 2 3 4 7 8 9 11 13 14 15 16 19 21 22 23 24 25 26 30 27 31 33 34 36 39 37 6 12 20 5 10 17 29 18 38 32 28 35 
0 1 2 3 4 7 8 9 11 13 14 15 16 19 21 22 23 24 25 26 27 30 31 33 34 36 39 37 6 12 20 5 10 17 29 18 38 32 28 35 
0 1 2 3 4 7 8 9 11 13 14 15 16 19 21 22 23 24 25 26 27 30 31 33 34 36 37 39 6 12 20 5 10 17 29 18 38 32 28 35 
0 1 2 3 4 7 8 9 11 13 14 15 16 19 21 22 23 24 25 26 27 30 31 33 34 36 37 6 39 12 20 5 10 17 29 18 38 32 28 35 
0 1 2 3 4 7 8 9 11 13 14 15 16 19 21 22 23 24 25 26 27 30 31 33 34 36 6 37 39 12 20 5 10 17 29 18 38 32 28 35 
0 1 2 3 4 7 8 9 11 13 14 15 16 19 21 22 23 24 25 26 27 30 31 33 34 6 36 37 39 12 20 5 10 17 29 18 38 32 28 35 
0 1 2 3 4 7 8 9 11 13 14 15 16 19 21 22 23 24 25 26 27 30 31 33 6 34 36 37 39 12 20 5 10 17 29 18 38 32 28 35 
0 1 2 3 4 7 8 9 11 13 14 15 16 19 21 22 23 24 25 26 27 30 31 6 33 34 36 37 39 12 20 5 10 17 29 18 38 32 28 35 
0 1 2 3 4 7 8 9 11 13 14 15 16 19 21 22 23 24 25 26 27 30 6 31 33 34 36 37 39 12 20 5 10 17 29 18 38 32 28 35 
0 1 2 3 4 7 8 9 11 13 14 15 16 19 21 22 23 24 25 26 27 6 30 31 33 34 36 37 39 12 20 5 10 17 29 18 38 32 28 35 
0 1 2 3 4 7 8 9 11 13 14 15 16 19 21 22 23 24 25 26 6 27 30 31 33 34 36 37 39 12 20 5 10 17 29 18 38 32 28 35 
0 1 2 3 4 7 8 9 11 13 14 15 16 19 21 22 23 24 25 6 26 27 30 31 33 34 36 37 39 12 20 5 10 17 29 18 38 32 28 35 
0 1 2 3 4 7 8 9 11 13 14 15 16 19 21 22 23 24 6 25 26 27 30 31 33 34 36 37 39 12 20 5 10 17 29 18 38 32 28 35 
0 1 2 3 4 7 8 9 11 13 14 15 16 19 21 22 23 6 24 25 26 27 30 31 33 34 36 37 39 12 20 5 10 17 29 18 38 32 28 35 
0 1 2 3 4 7 8 9 11 13 14 15 16 19 21 22 6 23 24 25 26 27 30 31 33 34 36 37 39 12 20 5 10 17 29 18 38 32 28 35 
0 1 2 3 4 7 8 9 11 13 14 15 16 19 21 6 22 23 24 25 26 27 30 31 33 34 36 37 39 12 20 5 10 17 29 18 38 32 28 35 
0 1 2 3 4 7 8 9 11 13 14 15 16 19 6 21 22 23 24 25 26 27 30 31 33 34 36 37 39 12 20 5 10 17 29 18 38 32 28 35 
0 1 2 3 4 7 8 9 11 13 14 15 16 6 19 21 22 23 24 25 26 27 30 31 33 34 36 37 39 12 20 5 10 17 29 18 38 32 28 35 
0 1 2 3 4 7 8 9 11 13 14 15 6 16 19 21 22 23 24 25 26 27 30 31 33 34 36 37 39 12 20 5 10 17 29 18 38 32 28 35 
0 1 2 3 4 7 8 9 11 13 14 6 15 16 19 21 22 23 24 25 26 27 30 31 33 34 36 37 39 12 20 5 10 17 29 18 38 32 28 35 
0 1 2 3 4 7 8 9 11 13 6 14 15 16 19 21 22 23 24 25 26 27 30 31 33 34 36 37 39 12 20 5 10 17 29 18 38 32 28 35 
0 1 2 3 4 7 8 9 11 6 13 14 15 16 19 21 22 23 24 25 26 27 30 31 33 34 36 37 39 12 20 5 10 17 29 18 38 32 28 35 
0 1 2 3 4 7 8 9 6 11 13 14 15 16 19 21 22 23 24 25 26 27 30 31 33 34 36 37 39 12 20 5 10 17 29 18 38 32 28 35 
0 1 2 3 4 7 8 6 9 11 13 14 15 16 19 21 22 23 24 25 26 27 30 31 33 34 36 37 39 12 20 5 10 17 29 18 38 32 28 35 
0 1 2 3 4 7 6 8 9 11 13 14 15 16 19 21 22 23 24 25 26 27 30 31 33 34 36 37 39 12 20 5 10 17 29 18 38 32 28 35 
0 1 2 3 4 6 7 8 9 11 13 14 15 16 19 21 22 23 24 25 26 27 30 31 33 34 36 37 39 12 20 5 10 17 29 18 38 32 28 35 
0 1 2 3 4 6 7 8 9 11 13 14 15 16 19 21 22 23 24 25 26 27 30 31 33 34 36 37 12 39 20 5 10 17 29 18 38 32 28 35 
0 1 2 3 4 6 7 8 9 11 13 14 15 16 19 21 22 23 24 25 26 27 30 31 33 34 36 12 37 39 20 5 10 17 29 18 38 32 28 35 
0 1 2 3 4 6 7 8 9 11 13 14 15 16 19 21 22 23 24 25 26 27 30 31 33 34 12 36 37 39 20 5 10 17 29 18 38 32 28 35 
0 1 2 3 4 6 7 8 9 11 13 14 15 16 19 21 22 23 24 25 26 27 30 31 33 12 34 36 37 39 20 5 10 17 29 18 38 32 28 35 
0 1 2 3 4 6 7 8 9 11 13 14 15 16 19 21 22 23 24 25 26 27 30 31 12 33 34 36 37 39 20 5 10 17 29 18 38 32 28 35 
0 1 2 3 4 6 7 8 9 11 13 14 15 16 19 21 22 23 24 25 26 27 30 12 31 33 34 36 37 39 20 5 10 17 29 18 38 32 28 35 
0 1 2 3 4 6 7 8 9 11 13 14 15 16 19 21 22 23 24 25 26 27 12 30 31 33 34 36 37 39 20 5 10 17 29 18 38 32 28 35 
0 1 2 3 4 6 7 8 9 11 13 14 15 16 19 21 22 23 24 25 26 12 27 30 31 33 34 36 37 39 20 5 10 17 29 18 38 32 28 35 
0 1 2 3 4 6 7 8 9 11 13 14 15 16 19 21 22 23 24 25 12 26 27 30 31 33 34 36 37 39 20 5 10 17 29 18 38 32 28 35 
0 1 2 3 4 6 7 8 9 11 13 14 15 16 19 21 22 23 24 12 25 26 27 30 31 33 34 36 37 39 20 5 10 17 29 18 38 32 28 35 
0 1 2 3 4 6 7 8 9 11 13 14 15 16 19 21 22 23 12 24 25 26 27 30 31 33 34 36 37 39 20 5 10 17 29 18 38 32 28 35 
0 1 2 3 4 6 7 8 9 11 13 14 15 16 19 21 22 12 23 24 25 26 27 30 31 33 34 36 37 39 20 5 10 17 29 18 38 32 28 35 
0 1 2 3 4 6 7 8 9 11 13 14 15 16 19 21 12 22 23 24 25 26 27 30 31 33 34 36 37 39 20 5 10 17 29 18 38 32 28 35 
0 1 2 3 4 6 7 8 9 11 13 14 15 16 19 12 21 22 23 24 25 26 27 30 31 33 34 36 37 39 20 5 10 17 29 18 38 32 28 35 
0 1 2 3 4 6 7 8 9 11 13 14 15 16 12 19 21 22 23 24 25 26 27 30 31 33 34 36 37 39 20 5 10 17 29 18 38 32 28 35 
0 1 2 3 4 6 7 8 9 11 13 14 15 12 16 19 21 22 23 24 25 26 27 30 31 33 34 36 37 39 20 5 10 17 29 18 38 32 28 35 
0 1 2 3 4 6 7 8 9 11 13 14 12 15 16 19 21 22 23 24 25 26 27 30 31 33 34 36 37 39 20 5 10 17 29 18 38 32 28 35 
0 1 2 3 4 6 7 8 9 11 13 12 14 15 16 19 21 22 23 24 25 26 27 30 31 33 34 36 37 39 20 5 10 17 29 18 38 32 28 35 
0 1 2 3 4 6 7 8 9 11 12 13 14 15 16 19 21 22 23 24 25 26 27 30 31 33 34 36 37 39 20 5 10 17 29 18 38 32 28 35 
0 1 2 3 4 6 7 8 9 11 12 13 14 15 16 19 21 22 23 24 25 26 27 30 31 33 34 36 37 20 39 5 10 17 29 18 38 32 28 35 
0 1 2 3 4 6 7 8 9 11 12 13 14 15 16 19 21 22 23 24 25 26 27 30 31 33 34 36 20 37 39 5 10 17 29 18 38 32 28 35 
0 1 2 3 4 6 7 8 9 11 12 13 14 15 16 19 21 22 23 24 25 26 27 30 31 33 34 20 36 37 39 5 10 17 29 18 38 32 28 35 
0 1 2 3 4 6 7 8 9 11 12 13 14 15 16 19 21 22 23 24 25 26 27 30 31 33 20 34 36 37 39 5 10 17 29 18 38 32 28 35 
0 1 2 3 4 6 7 8 9 11 12 13 14 15 16 19 21 22 23 24 25 26 27 30 31 20 33 34 36 37 39 5 10 17 29 18 38 32 28 35 
0 1 2 3 4 6 7 8 9 11 12 13 14 15 16 19 21 22 23 24 25 26 27 30 20 31 33 34 36 37 39 5 10 17 29 18 38 32 28 35 
0 1 2 3 4 6 7 8 9 11 12 13 14 15 16 19 21 22 23 24 25 26 27 20 30 31 33 34 36 37 39 5 10 17 29 18 38 32 28 35 
0 1 2 3 4 6 7 8 9 11 12 13 14 15 16 19 21 22 23 24 25 26 20 27 30 31 33 34 36 37 39 5 10 17 29 18 38 32 28 35 
0 1 2 3 4 6 7 8 9 11 12 13 14 15 16 19 21 22 23 24 25 20 26 27 30 31 33 34 36 37 39 5 10 17 29 18 38 32 28 35 
0 1 2 3 4 6 7 8 9 11 12 13 14 15 16 19 21 22 23 24 20 25 26 27 30 31 33 34 36 37 39 5 10 17 29 18 38 32 28 35 
0 1 2 3 4 6 7 8 9 11 12 13 14 15 16 19 21 22 23 20 24 25 26 27 30 31 33 34 36 37 39 5 10 17 29 18 38 32 28 35 
0 1 2 3 4 6 7 8 9 11 12 13 14 15 16 19 21 22 20 23 24 25 26 27 30 31 33 34 36 37 39 5 10 17 29 18 38 32 28 35 
0 1 2 3 4 6 7 8 9 11 12 13 14 15 16 19 21 20 22 23 24 25 26 27 30 31 33 34 36 37 39 5 10 17 29 18 38 32 28 35 
0 1 2 3 4 6 7 8 9 11 12 13 14 15 16 19 20 21 22 23 24 25 26 27 30 31 33 34 36 37 39 5 10 17 29 18 38 32 28 35 
0 1 2 3 4 6 7 8 9 11 12 13 14 15 16 19 20 21 22 23 24 25 26 27 30 31 33 34 36 37 5 39 10 17 29 18 38 32 28 35 
0 1 2 3 4 6 7 8 9 11 12 13 14 15 16 19 20 21 22 23 24 25 26 27 30 31 33 34 36 5 37 39 10 17 29 18 38 32 28 35 
0 1 2 3 4 6 7 8 9 11 12 13 14 15 16 19 20 21 22 23 24 25 26 27 30 31 33 34 5 36 37 39 10 17 29 18 38 32 28 35 
0 1 2 3 4 6 7 8 9 11 12 13 14 15 16 19 20 21 22 23 24 25 26 27 30 31 33 5 34 36 37 39 10 17 29 18 38 32 28 35 
0 1 2 3 4 6 7 8 9 11 12 13 14 15 16 19 20 21 22 23 24 25 26 27 30 31 5 33 34 36 37 39 10 17 29 18 38 32 28 35 
0 1 2 3 4 6 7 8 9 11 12 13 14 15 16 19 20 21 22 23 24 25 26 27 30 5 31 33 34 36 37 39 10 17 29 18 38 32 28 35 
0 1 2 3 4 6 7 8 9 11 12 13 14 15 16 19 20 21 22 23 24 25 26 27 5 30 31 33 34 36 37 39 10 17 29 18 38 32 28 35 
0 1 2 3 4 6 7 8 9 11 12 13 14 15 16 19 20 21 22 23 24 25 26 5 27 30 31 33 34 36 37 39 10 17 29 18 38 32 28 35 
0 1 2 3 4 6 7 8 9 11 12 13 14 15 16 19 20 21 22 23 24 25 5 26 27 30 31 33 34 36 37 39 10 17 29 18 38 32 28 35 
0 1 2 3 4 6 7 8 9 11 12 13 14 15 16 19 20 21 22 23 24 5 25 26 27 30 31 33 34 36 37 39 10 17 29 18 38 32 28 35 
0 1 2 3 4 6 7 8 9 11 12 13 14 15 16 19 20 21 22 23 5 24 25 26 27 30 31 33 34 36 37 39 10 17 29 18 38 32 28 35 
0 1 2 3 4 6 7 8 9 11 12 13 14 15 16 19 20 21 22 5 23 24 25 26 27 30 31 33 34 36 37 39 10 17 29 18 38 32 28 35 
0 1 2 3 4 6 7 8 9 11 12 13 14 15 16 19 20 21 5 22 23 24 25 26 27 30 31 33 34 36 37 39 10 17 29 18 38 32 28 35 
0 1 2 3 4 6 7 8 9 11 12 13 14 15 16 19 20 5 21 22 23 24 25 26 27 30 31 33 34 36 37 39 10 17 29 18 38 32 28 35 
0 1 2 3 4 6 7 8 9 11 12 13 14 15 16 19 5 20 21 22 23 24 25 26 27 30 31 33 34 36 37 39 10 17 29 18 38 32 28 35 
0 1 2 3 4 6 7 8 9 11 12 13 14 15 16 5 19 20 21 22 23 24 25 26 27 30 31 33 34 36 37 39 10 17 29 18 38 32 28 35 
0 1 2 3 4 6 7 8 9 11 12 13 14 15 5 16 19 20 21 22 23 24 25 26 27 30 31 33 34 36 37 39 10 17 29 18 38 32 28 35 
0 1 2 3 4 6 7 8 9 11 12 13 14 5 15 16 19 20 21 22 23 24 25 26 27 30 31 33 34 36 37 39 10 17 29 18 38 32 28 35 
0 1 2 3 4 6 7 8 9 11 12 13 5 14 15 16 19 20 21 22 23 24 25 26 27 30 31 33 34 36 37 39 10 17 29 18 38 32 28 35 
0 1 2 3 4 6 7 8 9 11 12 5 13 14 15 16 19 20 21 22 23 24 25 26 27 30 31 33 34 36 37 39 10 17 29 18 38 32 28 35 
0 1 2 3 4 6 7 8 9 11 5 12 13 14 15 16 19 20 21 22 23 24 25 26 27 30 31 33 34 36 37 39 10 17 29 18 38 32 28 35 
0 1 2 3 4 6 7 8 9 5 11 12 13 14 15 16 19 20 21 22 23 24 25 26 27 30 31 33 34 36 37 39 10 17 29 18 38 32 28 35 
0 1 2 3 4 6 7 8 5 9 11 12 13 14 15 16 19 20 21 22 23 24 25 26 27 30 31 33 34 36 37 39 10 17 29 18 38 32 28 35 
0 1 2 3 4 6 7 5 8 9 11 12 13 14 15 16 19 20 21 22 23 24 25 26 27 30 31 33 34 36 37 39 10 17 29 18 38 32 28 35 
0 1 2 3 4 6 5 7 8 9 11 12 13 14 15 16 19 20 21 22 23 24 25 26 27 30 31 33 34 36 37 39 10 17 29 18 38 32 28 35 
0 1 2 3 4 5 6 7 8 9 11 12 13 14 15 16 19 20 21 22 23 24 25 26 27 30 31 33 34 36 37 39 10 17 29 18 38 32 28 35 
0 1 2 3 4 5 6 7 8 9 11 12 13 14 15 16 19 20 21 22 23 24 25 26 27 30 31 33 34 36 37 10 39 17 29 18 38 32 28 35 
0 1 2 3 4 5 6 7 8 9 11 12 13 14 15 16 19 20 21 22 23 24 25 26 27 30 31 33 34 36 10 37 39 17 29 18 38 32 28 35 
0 1 2 3 4 5 6 7 8 9 11 12 13 14 15 16 19 20 21 22 23 24 25 26 27 30 31 33 34 10 36 37 39 17 29 18 38 32 28 35 
0 1 2 3 4 5 6 7 8 9 11 12 13 14 15 16 19 20 21 22 23 24 25 26 27 30 31 33 10 34 36 37 39 17 29 18 38 32 28 35 
0 1 2 3 4 5 6 7 8 9 11 12 13 14 15 16 19 20 21 22 23 24 25 26 27 30 31 10 33 34 36 37 39 17 29 18 38 32 28 35 
0 1 2 3 4 5 6 7 8 9 11 12 13 14 15 16 19 20 21 22 23 24 25 26 27 30 10 31 33 34 36 37 39 17 29 18 38 32 28 35 
0 1 2 3 4 5 6 7 8 9 11 12 13 14 15 16 19 20 21 22 23 24 25 26 27 10 30 31 33 34 36 37 39 17 29 18 38 32 28 35 
0 1 2 3 4 5 6 7 8 9 11 12 13 14 15 16 19 20 21 22 23 24 25 26 10 27 30 31 33 34 36 37 39 17 29 18 38 32 28 35 
0 1 2 3 4 5 6 7 8 9 11 12 13 14 15 16 19 20 21 22 23 24 25 10 26 27 30 31 33 34 36 37 39 17 29 18 38 32 28 35 
0 1 2 3 4 5 6 7 8 9 11 12 13 14 15 16 19 20 21 22 23 24 10 25 26 27 30 31 33 34 36 37 39 17 29 18 38 32 28 35 
0 1 2 3 4 5 6 7 8 9 11 12 13 14 15 16 19 20 21 22 23 10 24 25 26 27 30 31 33 34 36 37 39 17 29 18 38 32 28 35 
0 1 2 3 4 5 6 7 8 9 11 12 13 14 15 16 19 20 21 22 10 23 24 25 26 27 30 31 33 34 36 37 39 17 29 18 38 32 28 35 
0 1 2 3 4 5 6 7 8 9 11 12 13 14 15 16 19 20 21 10 22 23 24 25 26 27 30 31 33 34 36 37 39 17 29 18 38 32 28 35 
0 1 2 3 4 5 6 7 8 9 11 12 13 14 15 16 19 20 10 21 22 23 24 25 26 27 30 31 33 34 36 37 39 17 29 18 38 32 28 35 
0 1 2 3 4 5 6 7 8 9 11 12 13 14 15 16 19 10 20 21 22 23 24 25 26 27 30 31 33 34 36 37 39 17 29 18 38 32 28 35 
0 1 2 3 4 5 6 7 8 9 11 12 13 14 15 16 10 19 20 21 22 23 24 25 26 27 30 31 33 34 36 37 39 17 29 18 38 32 28 35 
0 1 2 3 4 5 6 7 8 9 11 12 13 14 15 10 16 19 20 21 22 23 24 25 26 27 30 31 33 34 36 37 39 17 29 18 38 32 28 35 
0 1 2 3 4 5 6 7 8 9 11 12 13 14 10 15 16 19 20 21 22 23 24 25 26 27 30 31 33 34 36 37 39 17 29 18 38 32 28 35 
0 1 2 3 4 5 6 7 8 9 11 12 13 10 14 15 16 19 20 21 22 23 24 25 26 27 30 31 33 34 36 37 39 17 29 18 38 32 28 35 
0 1 2 3 4 5 6 7 8 9 11 12 10 13 14 15 16 19 20 21 22 23 24 25 26 27 30 31 33 34 36 37 39 17 29 18 38 32 28 35 
0 1 2 3 4 5 6 7 8 9 11 10 12 13 14 15 16 19 20 21 22 23 24 25 26 27 30 31 33 34 36 37 39 17 29 18 38 32 28 35 
0 1 2 3 4 5 6 7 8 9 10 11 12 13 14 15 16 19 20 21 22 23 24 25 26 27 30 31 33 34 36 37 39 17 29 18 38 32 28 35 
0 1 2 3 4 5 6 7 8 9 10 11 12 13 14 15 16 19 20 21 22 23 24 25 26 27 30 31 33 34 36 37 17 39 29 18 38 32 28 35 
0 1 2 3 4 5 6 7 8 9 10 11 12 13 14 15 16 19 20 21 22 23 24 25 26 27 30 31 33 34 36 17 37 39 29 18 38 32 28 35 
0 1 2 3 4 5 6 7 8 9 10 11 12 13 14 15 16 19 20 21 22 23 24 25 26 27 30 31 33 34 17 36 37 39 29 18 38 32 28 35 
0 1 2 3 4 5 6 7 8 9 10 11 12 13 14 15 16 19 20 21 22 23 24 25 26 27 30 31 33 17 34 36 37 39 29 18 38 32 28 35 
0 1 2 3 4 5 6 7 8 9 10 11 12 13 14 15 16 19 20 21 22 23 24 25 26 27 30 31 17 33 34 36 37 39 29 18 38 32 28 35 
0 1 2 3 4 5 6 7 8 9 10 11 12 13 14 15 16 19 20 21 22 23 24 25 26 27 30 17 31 33 34 36 37 39 29 18 38 32 28 35 
0 1 2 3 4 5 6 7 8 9 10 11 12 13 14 15 16 19 20 21 22 23 24 25 26 27 17 30 31 33 34 36 37 39 29 18 38 32 28 35 
0 1 2 3 4 5 6 7 8 9 10 11 12 13 14 15 16 19 20 21 22 23 24 25 26 17 27 30 31 33 34 36 37 39 29 18 38 32 28 35 
0 1 2 3 4 5 6 7 8 9 10 11 12 13 14 15 16 19 20 21 22 23 24 25 17 26 27 30 31 33 34 36 37 39 29 18 38 32 28 35 
0 1 2 3 4 5 6 7 8 9 10 11 12 13 14 15 16 19 20 21 22 23 24 17 25 26 27 30 31 33 34 36 37 39 29 18 38 32 28 35 
0 1 2 3 4 5 6 7 8 9 10 11 12 13 14 15 16 19 20 21 22 23 17 24 25 26 27 30 31 33 34 36 37 39 29 18 38 32 28 35 
0 1 2 3 4 5 6 7 8 9 10 11 12 13 14 15 16 19 20 21 22 17 23 24 25 26 27 30 31 33 34 36 37 39 29 18 38 32 28 35 
0 1 2 3 4 5 6 7 8 9 10 11 12 13 14 15 16 19 20 21 17 22 23 24 25 26 27 30 31 33 34 36 37 39 29 18 38 32 28 35 
0 1 2 3 4 5 6 7 8 9 10 11 12 13 14 15 16 19 20 17 21 22 23 24 25 26 27 30 31 33 34 36 37 39 29 18 38 32 28 35 
0 1 2 3 4 5 6 7 8 9 10 11 12 13 14 15 16 19 17 20 21 22 23 24 25 26 27 30 31 33 34 36 37 39 29 18 38 32 28 35 
0 1 2 3 4 5 6 7 8 9 10 11 12 13 14 15 16 17 19 20 21 22 23 24 25 26 27 30 31 33 34 36 37 39 29 18 38 32 28 35 
0 1 2 3 4 5 6 7 8 9 10 11 12 13 14 15 16 17 19 20 21 22 23 24 25 26 27 30 31 33 34 36 37 29 39 18 38 32 28 35 
0 1 2 3 4 5 6 7 8 9 10 11 12 13 14 15 16 17 19 20 21 22 23 24 25 26 27 30 31 33 34 36 29 37 39 18 38 32 28 35 
0 1 2 3 4 5 6 7 8 9 10 11 12 13 14 15 16 17 19 20 21 22 23 24 25 26 27 30 31 33 34 29 36 37 39 18 38 32 28 35 
0 1 2 3 4 5 6 7 8 9 10 11 12 13 14 15 16 17 19 20 21 22 23 24 25 26 27 30 31 33 29 34 36 37 39 18 38 32 28 35 
0 1 2 3 4 5 6 7 8 9 10 11 12 13 14 15 16 17 19 20 21 22 23 24 25 26 27 30 31 29 33 34 36 37 39 18 38 32 28 35 
0 1 2 3 4 5 6 7 8 9 10 11 12 13 14 15 16 17 19 20 21 22 23 24 25 26 27 30 29 31 33 34 36 37 39 18 38 32 28 35 
0 1 2 3 4 5 6 7 8 9 10 11 12 13 14 15 16 17 19 20 21 22 23 24 25 26 27 29 30 31 33 34 36 37 39 18 38 32 28 35 
0 1 2 3 4 5 6 7 8 9 10 11 12 13 14 15 16 17 19 20 21 22 23 24 25 26 27 29 30 31 33 34 36 37 18 39 38 32 28 35 
0 1 2 3 4 5 6 7 8 9 10 11 12 13 14 15 16 17 19 20 21 22 23 24 25 26 27 29 30 31 33 34 36 18 37 39 38 32 28 35 
0 1 2 3 4 5 6 7 8 9 10 11 12 13 14 15 16 17 19 20 21 22 23 24 25 26 27 29 30 31 33 34 18 36 37 39 38 32 28 35 
0 1 2 3 4 5 6 7 8 9 10 11 12 13 14 15 16 17 19 20 21 22 23 24 25 26 27 29 30 31 33 18 34 36 37 39 38 32 28 35 
0 1 2 3 4 5 6 7 8 9 10 11 12 13 14 15 16 17 19 20 21 22 23 24 25 26 27 29 30 31 18 33 34 36 37 39 38 32 28 35 
0 1 2 3 4 5 6 7 8 9 10 11 12 13 14 15 16 17 19 20 21 22 23 24 25 26 27 29 30 18 31 33 34 36 37 39 38 32 28 35 
0 1 2 3 4 5 6 7 8 9 10 11 12 13 14 15 16 17 19 20 21 22 23 24 25 26 27 29 18 30 31 33 34 36 37 39 38 32 28 35 
0 1 2 3 4 5 6 7 8 9 10 11 12 13 14 15 16 17 19 20 21 22 23 24 25 26 27 18 29 30 31 33 34 36 37 39 38 32 28 35 
0 1 2 3 4 5 6 7 8 9 10 11 12 13 14 15 16 17 19 20 21 22 23 24 25 26 18 27 29 30 31 33 34 36 37 39 38 32 28 35 
0 1 2 3 4 5 6 7 8 9 10 11 12 13 14 15 16 17 19 20 21 22 23 24 25 18 26 27 29 30 31 33 34 36 37 39 38 32 28 35 
0 1 2 3 4 5 6 7 8 9 10 11 12 13 14 15 16 17 19 20 21 22 23 24 18 25 26 27 29 30 31 33 34 36 37 39 38 32 28 35 
0 1 2 3 4 5 6 7 8 9 10 11 12 13 14 15 16 17 19 20 21 22 23 18 24 25 26 27 29 30 31 33 34 36 37 39 38 32 28 35 
0 1 2 3 4 5 6 7 8 9 10 11 12 13 14 15 16 17 19 20 21 22 18 23 24 25 26 27 29 30 31 33 34 36 37 39 38 32 28 35 
0 1 2 3 4 5 6 7 8 9 10 11 12 13 14 15 16 17 19 20 21 18 22 23 24 25 26 27 29 30 31 33 34 36 37 39 38 32 28 35 
0 1 2 3 4 5 6 7 8 9 10 11 12 13 14 15 16 17 19 20 18 21 22 23 24 25 26 27 29 30 31 33 34 36 37 39 38 32 28 35 
0 1 2 3 4 5 6 7 8 9 10 11 12 13 14 15 16 17 19 18 20 21 22 23 24 25 26 27 29 30 31 33 34 36 37 39 38 32 28 35 
0 1 2 3 4 5 6 7 8 9 10 11 12 13 14 15 16 17 18 19 20 21 22 23 24 25 26 27 29 30 31 33 34 36 37 39 38 32 28 35 
0 1 2 3 4 5 6 7 8 9 10 11 12 13 14 15 16 17 18 19 20 21 22 23 24 25 26 27 29 30 31 33 34 36 37 38 39 32 28 35 
0 1 2 3 4 5 6 7 8 9 10 11 12 13 14 15 16 17 18 19 20 21 22 23 24 25 26 27 29 30 31 33 34 36 37 38 32 39 28 35 
0 1 2 3 4 5 6 7 8 9 10 11 12 13 14 15 16 17 18 19 20 21 22 23 24 25 26 27 29 30 31 33 34 36 37 32 38 39 28 35 
0 1 2 3 4 5 6 7 8 9 10 11 12 13 14 15 16 17 18 19 20 21 22 23 24 25 26 27 29 30 31 33 34 36 32 37 38 39 28 35 
0 1 2 3 4 5 6 7 8 9 10 11 12 13 14 15 16 17 18 19 20 21 22 23 24 25 26 27 29 30 31 33 34 32 36 37 38 39 28 35 
0 1 2 3 4 5 6 7 8 9 10 11 12 13 14 15 16 17 18 19 20 21 22 23 24 25 26 27 29 30 31 33 32 34 36 37 38 39 28 35 
0 1 2 3 4 5 6 7 8 9 10 11 12 13 14 15 16 17 18 19 20 21 22 23 24 25 26 27 29 30 31 32 33 34 36 37 38 39 28 35 
0 1 2 3 4 5 6 7 8 9 10 11 12 13 14 15 16 17 18 19 20 21 22 23 24 25 26 27 29 30 31 32 33 34 36 37 38 28 39 35 
0 1 2 3 4 5 6 7 8 9 10 11 12 13 14 15 16 17 18 19 20 21 22 23 24 25 26 27 29 30 31 32 33 34 36 37 28 38 39 35 
0 1 2 3 4 5 6 7 8 9 10 11 12 13 14 15 16 17 18 19 20 21 22 23 24 25 26 27 29 30 31 32 33 34 36 28 37 38 39 35 
0 1 2 3 4 5 6 7 8 9 10 11 12 13 14 15 16 17 18 19 20 21 22 23 24 25 26 27 29 30 31 32 33 34 28 36 37 38 39 35 
0 1 2 3 4 5 6 7 8 9 10 11 12 13 14 15 16 17 18 19 20 21 22 23 24 25 26 27 29 30 31 32 33 28 34 36 37 38 39 35 
0 1 2 3 4 5 6 7 8 9 10 11 12 13 14 15 16 17 18 19 20 21 22 23 24 25 26 27 29 30 31 32 28 33 34 36 37 38 39 35 
0 1 2 3 4 5 6 7 8 9 10 11 12 13 14 15 16 17 18 19 20 21 22 23 24 25 26 27 29 30 31 28 32 33 34 36 37 38 39 35 
0 1 2 3 4 5 6 7 8 9 10 11 12 13 14 15 16 17 18 19 20 21 22 23 24 25 26 27 29 30 28 31 32 33 34 36 37 38 39 35 
0 1 2 3 4 5 6 7 8 9 10 11 12 13 14 15 16 17 18 19 20 21 22 23 24 25 26 27 29 28 30 31 32 33 34 36 37 38 39 35 
0 1 2 3 4 5 6 7 8 9 10 11 12 13 14 15 16 17 18 19 20 21 22 23 24 25 26 27 28 29 30 31 32 33 34 36 37 38 39 35 
0 1 2 3 4 5 6 7 8 9 10 11 12 13 14 15 16 17 18 19 20 21 22 23 24 25 26 27 28 29 30 31 32 33 34 36 37 38 35 39 
0 1 2 3 4 5 6 7 8 9 10 11 12 13 14 15 16 17 18 19 20 21 22 23 24 25 26 27 28 29 30 31 32 33 34 36 37 35 38 39 
0 1 2 3 4 5 6 7 8 9 10 11 12 13 14 15 16 17 18 19 20 21 22 23 24 25 26 27 28 29 30 31 32 33 34 36 35 37 38 39 
0 1 2 3 4 5 6 7 8 9 10 11 12 13 14 15 16 17 18 19 20 21 22 23 24 25 26 27 28 29 30 31 32 33 34 35 36 37 38 39 
